255
149
363
55
957
337
904
305
501
400
300
777
174
491
484
174
326
640
175
755
517
899
497
286
23
894
66
366
262
781
435
869
731
594
964
480
529
219
780
210
208
461
107
145
25
326
997
634
555
394
544
97
178
882
994
343
945
580
426
820
24
772
46
563
708
859
950
933
381
527
626
205
126
768
831
210
26
463
722
202
48
516
772
837
211
615
702
320
552
290
942
181
197
824
776
202
465
229
732
252
958
164
45
487
949
164
229
295
107
554
796
468
871
911
647
265
757
295
842
381
579
938
673
401
572
404
761
356
481
581
252
644
751
224
966
163
850
977
859
302
344
412
195
509
204
10
177
500
930
862
341
71
672
255
763
444
364
787
492
534
744
25
972
164
0
447
518
735
429
800
55
586
749
191
224
96
517
838
80
246
550
347
449
470
389
440
245
336
262
269
935
279
65
878
374
159
578
155
35
721
261
894
529
220
179
64
930
687
688
813
630
297
934
305
694
299
344
664
880
237
823
652
771
277
324
608
496
904
477
303
382
669
252
459
114
600
992
277
952
409
224
826
124
332
244
692
413
733
801
192
899
683
862
559
998
890
818
605
503
367
119
264
124
641
335
426
719
906
727
841
485
683
261
403
932
147
981
174
740
631
344
445
15
116
810
383
906
184
843
361
334
9
75
480
842
898
162
701
879
505
566
310
229
107
827
809
84
90
782
989
808
21
218
702
18
501
918
195
162
833
767
418
567
814
779
98
900
613
11
41
599
481
214
909
921
631
816
477
683
977
839
777
250
962
367
208
43
420
853
925
46
568
925
156
492
581
354
431
272
582
913
729
770
184
392
511
679
131
472
445
547
33
27
800
188
625
25
109
346
722
241
628
370
774
78
591
475
816
178
526
447
219
657
503
499
845
205
89
684
913
101
501
369
133
1
160
630
832
735
186
371
315
943
299
285
369
543
673
696
956
34
35
201
221
989
301
664
343
886
817
511
846
699
808
828
705
192
844
635
527
363
437
367
884
496
49
632
655
542
61
272
861
904
821
56
854
443
583
429
704
598
263
307
587
918
1
719
315
660
947
658
770
956
787
109
74
915
250
143
35
65
448
900
449
912
809
795
123
403
292
608
313
859
215
867
314
911
700
495
980
707
938
466
114
979
514
777
362
314
423
163
171
879
356
992
278
321
760
239
688
838
502
178
774
891
460
606
271
289
140
90
193
921
527
384
890
955
899
968
958
854
942
324
922
477
441
395
727
257
880
192
531
268
554
596
519
421
628
725
132
929
125
967
502
514
567
922
247
444
372
812
712
403
275
269
84
86
719
17
370
621
262
391
115
604
713
161
880
983
293
262
164
634
28
368
1000
703
643
994
489
477
96
379
652
958
933
589
803
39
871
691
96
133
567
374
910
658
271
475
143
508
501
295
674
598
544
953
92
582
658
49
228
473
612
489
633
398
139
714
380
315
652
586
930
463
531
708
235
328
750
669
571
76
968
723
716
103
336
987
350
773
374
165
416
295
314
682
660
818
335
337
186
178
708
787
814
145
437
929
27
207
580
278
574
272
638
792
931
327
368
157
891
472
304
104
119
869
333
453
1
448
930
846
759
201
936
999
530
851
273
90
635
104
492
678
0
968
122
380
731
498
12
461
174
60
87
16
542
915
250
236
648
789
113
275
393
309
528
683
105
990
64
532
388
944
171
87
73
539
225
785
489
377
899
422
705
56
441
975
572
179
726
662
237
713
608
397
38
318
760
353
640
829
931
86
412
992
464
563
375
494
579
233
564
870
966
781
112
635
206
6
531
765
670
361
999
389
364
774
911
256
835
341
20
343
875
156
609
196
964
113
305
54
146
637
552
61
78
857
705
684
925
645
329
916
456
647
853
141
78
500
590
622
479
401
73
970
653
182
243
419
67
339
521
106
396
118
847
847
207
99
161
134
375
502
118
607
162
239
676
125
430
809
45
296
803
61
696
282
210
997
448
222
784
3
575
647
454
283
102
20
864
685
467
11
791
973
333
20
624
214
762
106
422
788
478
595
594
558
87
50
151
666
922
609
619
815
852
666
160
652
883
222
269
308
336
985
563
409
20
231
543
767
298
442
655
812
611
817
134
723
747
250
721
498
357
47
346
852
889
374
664
993
582
555
472
98
270
343
788
921
873
882
707
638
189
879
835
721
548
264
296
450
612
550
638
754
230
718
123
147
468
563
319
611
359
771
520
43
708
362
999
673
607
636
760
179
423
541
467
85
45
429
312
280
626
115
853
940
19
