-263
312
-214
893
-496
-262
-166
287
-385
-534
30
203
-785
481
-640
39
-652
293
-920
-39
-83
876
-651
272
309
-31
357
-856
9
-306
-627
-428
417
667
944
-650
-380
-140
-380
916
-190
173
-304
-634
907
64
-592
349
-254
518
496
-483
-210
564
-372
86
580
440
713
-36
-654
-807
-971
165
82
877
-32
-463
5
78
-519
-502
-500
57
-932
-768
-975
-9
46
-961
875
114
-866
670
29
-316
415
689
-278
677
-52
640
-255
988
-540
25
-211
-107
-198
215
454
-182
-231
-662
-208
354
307
904
388
-53
-198
-473
-759
375
-592
-738
-729
-28
-443
346
572
580
698
-771
-698
353
-463
216
652
521
683
-871
-460
348
-255
501
-43
961
-397
329
123
-805
-743
-323
956
426
668
388
360
-335
965
-825
-854
539
-254
883
885
222
242
-386
320
817
-358
56
-982
-732
751
601
-733
476
-269
121
835
-922
-341
-982
-126
401
-474
157
-7
-245
652
298
626
-16
-863
-870
-636
765
-785
900
457
489
579
259
-241
658
681
-649
588
-536
-102
-99
-82
490
-820
-779
4
629
-760
910
-383
-98
362
-634
-76
-459
-700
-30
245
-101
-179
-532
419
633
-370
-70
666
-925
762
-62
-499
474
653
856
-413
-840
251
478
-818
135
409
32
-6
-583
-673
775
-812
-797
-318
236
627
-134
63
755
922
-343
-22
892
-211
-157
616
-831
-514
76
9
-55
621
809
-954
38
432
-619
-13
846
-949
47
753
341
-541
-266
268
-168
138
-236
-978
-218
-461
-684
270
-212
446
348
658
140
-25
-819
-10
32
279
621
-463
-752
697
-156
-168
-823
641
785
803
-525
410
-1
-156
385
-146
712
-604
186
131
128
711
-339
600
-542
-236
381
232
-605
150
-214
-372
-395
634
539
286
-190
-577
-650
808
114
-761
-545
-689
225
109
245
997
-11
452
-755
999
-994
-386
-284
3
-746
-880
597
856
-943
-450
28
546
-964
-617
-321
-483
825
668
907
720
239
672
-66
665
577
569
-12
-337
549
296
-91
-915
601
495
-172
-561
-81
805
833
323
-338
60
-136
610
364
-889
-853
527
484
-376
607
-992
-83
-958
363
202
778
-55
-201
257
-359
-757
418
-670
-101
605
-297
542
-126
381
-694
-784
579
885
325
-801
415
-144
583
-844
-76
522
915
146
-302
-493
-864
228
792
-50
-618
-157
273
174
-277
-411
653
-859
258
-441
-606
976
560
430
932
475
112
479
-593
183
243
514
203
511
-355
402
405
-670
-107
-58
867
-562
-495
101
-605
-201
981
101
179
-177
-427
-157
-452
908
598
-585
780
445
351
-810
965
713
-203
377
-327
330
-504
-19
982
-582
-2
344
14
-88
770
-910
-326
250
-101
513
-435
-724
-507
-887
84
580
-711
589
418
816
101
-320
-645
-994
-564
-187
515
185
-152
-553
520
398
961
466
480
333
-938
781
-469
-35
-528
193
748
-493
63
-366
379
-187
401
-853
954
192
22
-678
848
104
683
-463
301
501
878
-336
569
275
634
512
-482
-735
-11
385
-473
471
-675
476
642
829
-416
411
99
29
-367
960
-96
208
-303
692
947
-62
442
-122
425
-191
91
750
-941
-442
-628
123
-345
341
656
-254
-197
-536
237
-414
-433
651
84
86
-32
136
436
79
282
-64
-835
-301
830
-514
-110
633
737
13
667
620
-89
-956
-194
573
853
313
377
-997
540
-713
191
740
296
935
-629
818
9
-797
-84
-856
530
-515
-367
-775
-890
-543
-715
229
-692
506
-317
168
964
914
249
-49
-942
688
-147
-985
-999
-703
-989
316
786
587
288
610
591
-822
271
869
-285
-760
-294
819
-790
-523
-427
-704
-588
-207
-163
465
-523
-786
-662
811
-836
-293
150
577
262
-175
863
-721
-701
-43
-32
215
295
594
-481
-445
893
-449
890
5
-432
687
-114
-830
679
-997
-229
-504
903
-658
264
-618
-801
710
-698
202
460
-563
687
-566
35
-886
-948
77
331
746
-95
765
-548
431
-435
-364
-874
-831
-750
485
974
-395
670
955
54
-349
905
582
994
-21
22
-505
618
-508
789
-291
447
869
-331
50
499
286
-837
-148
974
422
-864
-594
-981
196
251
656
954
42
-630
-952
-574
331
76
667
439
-677
-802
833
-355
-538
-484
-884
158
809
-939
510
-388
-270
-840
-878
152
582
-29
-60
160
900
-609
-579
-414
152
-6
-150
-829
89
-92
-974
332
232
-407
-48
-423
343
-244
-420
165
-332
845
5
320
69
416
545
-923
-766
704
666
193
-179
-690
831
-20
-84
-484
327
-622
105
953
-59
-888
-165
-412
760
-888
-725
89
-36
633
85
-527
-486
407
-887
-327
-282
-102
-954
100
-294
383
715
501
-619
-500
-299
-648
581
-100
-964
-121
-353
887
858
-154
-996
108
971
-582
14
437
-716
-498
294
784
-324
218
-562
574
-322
-416
-565
-315
429
716
394
-581
-74
16
260
109
-276
879
-372
-138
139
-819
898
505
945
567
-826
-581
458
159
533
-8
-425
-416
42
402
300
-785
-223
-461
799
214
699
114
-875
27
982
-447
18
325
-619
644
544
-932
-112
877
969
263
440
363
-737
47
-352
-379
610
-622
612
-588
-107
-383
970
-387
445
772
928
-84
176
250
110
72
194
794
613
-360
-6
996
-166
263
457
-828
-351
91
470
490
-941
385
611
553
-366
-578
-16
-431
-87
949
550
587
571
-164
-920
-819
496
-984
-618
760
275
518
559
-853
-515
693
873
613
739
335
-921
39
-540
739
832
57
-760
-575
-842
-504
811
-683
-529
6
792
772
502
66
-835
-451
-869
792
232
-907
-440
496
283
-902
-590
-343
719
-465
380
502
-340
-964
772
-709
-620
-442
-37
961
976
-42
-622
109
610
347
-49
54
156
970
407
-300
307
-871
-559
212
437
6
274
656
-182
576
-820
-963
-574
-255
708
326
98
227
-165
-543
425
357
706
790
-161
-428
884
-468
-735
-666
-617
-864
-167
338
-989
-275
11
130
318
80
725
798
-625
-319
624
510
910
-72
-804
-566
563
-276
393
129
740
339
495
375
868
-473
-56
-789
-23
209
228
-867
-378
-381
-227
465
-135
106
-683
486
-878
864
-163
372
748
362
-449
424
-612
-22
734
-902
-508
-379
-440
480
-387
565
605
808
410
941
904
-14
767
380
-309
869
509
-137
574
65
-846
961
-449
960
764
526
-907
-911
-340
677
379
-74
-848
434
726
-686
617
-764
-240
429
187
-193
644
-97
-353
-710
-604
161
178
408
403
974
-217
455
123
-131
-889
-106
-184
-960
-493
550
403
777
-237
965
-144
-360
716
-519
-873
291
659
256
695
-9
-255
956
-733
246
-581
382
-493
21
463
-15
-805
-411
364
128
687
41
587
-901
848
-75
-14
-929
401
226
173
-662
-378
140
-813
730
-861
-466
-184
-449
-710
-132
655
-909
203
-149
-934
441
638
424
33
273
51
203
769
-448
-520
-619
416
570
-433
976
-174
-518
594
-106
722
994
91
965
-254
-893
193
-233
836
-146
-248
661
-275
-270
-558
-451
-852
-934
397
854
61
-221
-82
586
-996
-143
425
993
-230
-805
-697
75
-869
-295
-836
-392
-465
-336
60
-452
332
35
126
362
199
-70
627
365
145
233
601
-625
-321
-743
10
-866
-418
645
888
470
684
302
312
414
-289
918
813
145
199
916
-913
40
392
-814
-414
893
605
212
141
315
-840
-489
-114
-306
-279
-392
943
-419
626
94
-466
519
179
478
553
620
-85
-103
232
-48
24
-924
-167
133
938
958
280
-320
-441
-490
758
-253
87
-500
-938
-746
-451
-941
-970
757
-187
-201
-828
77
561
-151
855
481
-742
-528
-166
-515
265
339
221
747
-366
-674
408
948
-92
-19
530
243
-175
-880
-236
-391
-572
-315
-811
570
688
-403
-561
692
-594
633
867
-19
-790
558
-173
-793
862
-885
-328
256
368
668
-607
-673
106
-563
-565
10
827
847
724
384
-508
326
416
-434
324
-552
631
323
-877
527
-926
536
888
854
416
-2
431
-455
736
458
-203
822
889
-207
-712
679
748
158
668
829
-486
-28
173
182
-707
-934
-224
103
677
531
-45
498
359
593
-519
-288
466
986
-723
-913
275
348
325
27
357
682
-531
-196
395
-397
-837
95
-657
-636
61
-996
-537
31
915
466
444
-389
66
578
-747
970
-273
248
-965
983
-583
859
253
-663
-318
807
-935
146
753
626
-190
439
-202
-561
-462
-773
244
-892
506
-345
630
732
-47
966
-410
404
298
746
-808
934
393
-377
-672
132
18
206
-847
873
240
129
-114
-255
-327
-899
-78
-921
-372
-584
-44
-746
-761
857
950
-591
623
-737
748
-918
-588
308
-694
-842
-505
192
887
127
806
-907
-248
683
-296
-708
-391
71
12
813
944
-884
-419
-799
-189
331
-382
-379
198
216
-402
-885
-947
-321
-936
481
576
-577
420
643
-572
-822
955
485
-529
-410
-59
-417
-666
-585
592
-200
-257
-259
-355
-536
-697
-978
928
-535
-405
-660
-92
438
582
-604
282
-384
-615
981
-485
-156
410
-58
-795
915
-773
557
-964
-198
-214
-988
968
-78
-344
153
177
860
622
-937
623
-336
245
617
621
258
-982
-122
931
-394
676
707
-543
423
-11
338
-200
1
593
-8
384
454
-860
738
600
-627
-144
-118
-654
-593
790
-631
-223
255
-105
-456
-332
-514
843
914
726
-219
-201
-81
-694
-561
-699
191
-39
-548
608
-912
-974
-143
304
158
609
-43
-818
-590
-237
324
674
-179
-725
-971
884
266
422
-411
798
-734
243
853
204
149
-251
-931
716
-314
526
562
737
452
-789
-731
377
-541
-575
-463
-687
-963
-59
-781
413
318
-231
-243
393
143
-975
-693
83
-931
127
-613
-617
8
502
-290
-745
290
971
-713
-990
91
-36
-718
222
-68
-579
-144
-918
757
-460
-358
315
551
-970
-307
340
246
-479
340
-46
-108
-578
-1000
786
840
705
286
604
-773
-760
533
209
882
-258
-904
16
-926
616
-143
-542
928
97
-673
-583
-668
583
492
968
-219
346
455
13
-539
553
-800
287
682
735
779
-920
-388
-615
176
849
798
-824
-872
290
-610
471
359
825
535
-449
170
-303
-711
330
-73
695
-130
-260
-323
-555
485
651
-430
-456
-221
129
162
-243
537
-254
-648
-780
-996
458
-195
-266
308
227
190
620
701
-530
-631
-421
-543
-264
653
-130
0
149
-342
-544
-159
846
-293
-965
-336
116
-145
161
-431
481
241
944
248
660
156
381
197
309
-677
894
455
-96
389
109
456
942
-623
651
-560
545
126
262
-682
-562
802
494
715
729
399
838
889
916
-750
-186
737
786
318
-87
393
-987
-260
-16
-596
235
328
-87
-713
-872
802
-438
765
501
-583
-22
-325
-774
434
13
588
-820
292
-916
-509
-428
235
671
-522
-414
595
-757
-894
-251
248
-362
-104
-265
418
359
-199
928
-958
-267
12
-207
19
177
870
619
740
690
-767
515
835
154
-685
439
540
192
-388
563
622
-543
-461
-221
-867
921
-636
-765
705
-370
972
118
-533
805
-989
-896
-927
4
-95
-617
804
217
-576
405
45
35
-374
669
211
-628
922
654
-86
490
-319
-748
-175
-896
576
501
-878
-325
374
842
-712
-64
902
284
-62
802
-811
-699
427
-483
-844
-244
147
768
888
397
-117
933
8
527
617
-764
-490
-824
395
-747
60
148
-976
192
-633
-245
-775
-428
71
-284
-354
904
53
785
214
-400
222
208
449
702
-710
535
-707
270
125
81
-664
832
323
983
347
-301
-347
282
-896
877
44
674
363
-75
-895
-277
-20
664
180
715
100
472
-493
-228
-760
-383
210
-824
558
-204
609
-854
-535
-631
181
967
28
-930
-518
551
732
312
57
-988
293
-547
589
-145
-294
936
-969
-594
447
-469
463
-691
-615
-872
23
895
907
943
-759
407
467
360
19
-964
457
-798
282
-925
-736
-165
-114
-362
-451
354
-504
391
143
-603
-222
-785
-337
-535
-902
190
-156
-458
563
-389
166
614
-588
181
105
-781
725
635
364
279
560
400
397
617
611
83
698
658
-950
623
-326
-103
424
-851
420
-262
615
171
541
781
563
-186
-815
-468
-243
747
874
145
305
346
-489
667
597
-421
748
672
-610
-927
49
178
-134
-483
435
982
-214
635
110
144
-350
816
-638
-787
821
-227
-576
-7
-866
-744
-165
-58
-56
171
-610
-407
920
-433
812
-24
-759
153
-25
-75
753
-852
364
751
-424
-248
644
372
-171
-761
-8
-986
-609
-618
-676
-908
-492
-953
74
-419
-769
778
428
-427
-412
-405
638
156
178
585
837
473
-50
58
78
659
651
-302
-323
-158
77
407
295
-434
-338
-36
131
795
241
-496
752
-633
-115
665
-131
920
-897
790
-148
-922
270
-122
94
-697
-203
184
-527
-227
-990
-665
-116
782
-886
-152
-103
876
282
955
-108
-309
132
-663
615
-626
323
-749
-725
-967
-357
199
480
-786
332
960
-541
6
-225
144
-187
-737
-347
111
-340
-141
914
596
-289
899
447
-447
889
925
143
562
658
-650
825
897
562
669
-230
87
-977
768
850
-454
-984
-588
678
968
552
-354
-944
931
603
811
26
-293
-658
256
565
-144
-274
-785
-507
950
814
-467
329
355
310
-52
-650
-204
775
774
-511
601
118
813
358
-174
-665
154
-73
-392
373
395
784
-72
-796
357
-736
773
-980
746
267
-26
-974
-971
763
-591
-958
292
986
-718
960
-59
-513
-704
457
246
-823
-637
-532
536
227
655
167
-249
632
-925
565
681
842
256
-408
-37
-459
-785
-616
-561
-754
-8
-909
-821
555
-102
-158
-498
-705
999
-379
-612
825
-23
-765
-335
-38
868
849
915
-819
162
713
-52
410
237
721
-590
-689
145
-918
377
-927
119
761
363
-893
-715
531
28
107
631
-756
-871
776
264
-290
-819
-123
954
-310
-436
73
-158
728
60
-46
258
-773
33
-467
-877
250
389
222
266
-36
-179
-681
-759
757
420
305
-53
-449
-518
-823
100
112
783
992
228
162
926
-338
-767
-234
282
494
-504
-327
529
-156
824
-103
-127
-70
-823
-200
-495
-604
760
613
688
166
761
430
-149
-6
399
-540
-713
-130
349
996
-595
270
304
-104
-956
-584
-148
704
375
-177
-347
-188
-735
-729
-463
848
655
744
217
-279
-490
386
-293
810
-349
244
-227
-438
691
-199
-737
-191
424
-167
911
532
52
-647
-38
-125
-744
-78
-174
447
-100
367
-260
117
556
189
982
-67
-17
-834
-603
-429
-351
-847
625
11
479
563
-890
-73
472
-60
-252
-452
958
-244
264
-278
-16
276
-135
353
-937
250
643
220
-240
597
-864
-150
-185
-496
-722
-464
-119
-116
431
220
322
-772
-484
-640
87
3
679
939
759
-221
267
898
-806
-675
-447
1
-791
-956
-175
-645
-637
-512
779
9
54
-245
-876
55
728
762
-542
-322
-369
-496
-86
691
148
-630
-974
785
-48
598
926
209
144
746
-644
398
645
831
450
818
-879
-440
-383
-261
-170
-906
458
660
-208
-326
826
821
74
240
471
868
54
-882
162
-944
167
-632
340
410
-105
323
-492
-419
230
365
-360
401
522
-517
-282
286
-731
-193
880
354
-958
-375
339
595
74
884
441
-392
-830
-577
-503
226
300
833
239
-406
391
-749
815
507
-179
868
-924
-289
-105
-919
-897
-889
-941
-882
-435
-594
996
416
-118
19
-448
400
-687
621
-674
-311
-400
955
-698
-256
-446
-377
351
-255
-843
-269
-660
46
822
734
490
655
954
13
930
-295
-697
551
352
758
-259
306
522
716
-549
-35
643
664
381
66
-40
-961
549
-765
-923
563
-95
439
968
-995
151
106
-817
-284
-894
-859
281
917
775
-555
-154
713
743
61
-333
-216
90
2
824
625
-521
653
-151
647
111
-256
207
-244
518
466
240
-302
474
-150
613
546
91
656
-433
-449
731
-508
274
-258
-277
-922
-249
-455
-963
723
-916
-815
-191
805
537
562
599
975
573
-90
127
-41
881
608
702
-608
320
883
672
-249
-451
-132
-506
826
-893
-990
-606
-759
-806
298
113
-326
-962
233
-790
-990
427
-562
750
-15
729
905
119
38
890
64
-939
670
647
-173
-555
-165
94
-128
-714
-173
516
-407
12
140
-103
-621
-740
685
919
406
-340
-396
-834
341
566
870
957
839
402
233
303
565
-769
-625
388
-793
-834
-392
-843
822
-541
-209
-86
729
843
-393
-71
484
458
431
-77
564
-929
-188
474
-610
-576
-592
-540
-676
-719
325
-313
641
600
-272
232
-362
197
879
213
479
-3
-291
-7
903
-498
889
74
750
-250
713
-391
-818
28
-175
392
333
-887
458
708
-92
-44
-59
-205
-680
-47
-630
-73
290
691
-390
550
122
-746
-635
451
7
-362
-302
-254
-777
-218
-651
-176
-619
164
143
-894
923
-83
-510
-341
623
-490
66
970
-256
53
490
-938
-87
-459
939
256
-403
350
714
-310
-881
601
985
900
-824
-153
-136
-634
-367
332
913
-892
583
670
13
-339
-819
-399
324
501
236
-457
-203
494
-57
784
912
820
138
99
-108
351
646
-166
-549
-798
-23
-161
235
270
-146
768
527
801
-900
-269
407
813
-677
-514
694
370
-12
-881
827
-881
-330
-574
500
550
-812
986
-650
-651
-402
188
-890
-268
-569
-203
906
-553
-441
-472
715
-543
768
868
686
-147
964
428
791
924
773
621
-929
-520
-773
-857
-54
-890
992
-871
949
766
-317
-86
408
221
-32
662
158
153
-219
20
387
-257
-741
-124
112
931
811
661
-613
-181
-840
-265
557
-319
108
11
284
-100
-962
-560
-375
-267
463
-174
-982
-612
-739
-150
91
39
53
253
501
835
-55
-875
928
664
-61
726
66
727
716
-423
16
920
685
-968
864
359
233
-977
-260
592
460
113
-422
213
600
94
-546
-998
997
518
984
191
-392
-236
-691
-711
528
547
131
-227
682
502
-81
947
689
-195
-852
442
418
894
-551
-748
77
605
635
-95
801
-704
-55
-656
-599
682
-163
885
-375
328
-396
-289
-931
-904
48
-145
574
-524
219
256
-365
-108
870
-965
673
465
-384
-409
672
-765
-988
-460
-740
-603
855
602
-27
-276
963
-682
-162
183
639
-126
606
210
-936
-929
-339
361
-698
-785
664
-934
-154
329
-103
928
75
247
-743
-770
128
318
970
334
698
993
-620
-172
899
-484
-59
63
-797
982
221
977
550
-145
604
935
-474
-411
-772
-174
-699
-328
-649
902
-968
591
-779
178
-787
570
-793
465
-903
-667
115
859
41
-253
749
791
-119
-404
636
830
85
394
-268
-110
409
540
476
-128
807
756
461
222
357
-598
981
954
959
33
938
-116
238
586
-998
-817
731
-451
-978
21
376
-703
-196
126
47
-57
553
202
697
287
867
-883
-432
-952
623
-16
527
454
955
-809
676
-559
-255
-563
480
917
866
336
-558
171
-449
636
-393
-431
-200
987
585
-18
703
-375
52
-578
-621
322
-167
103
-706
193
-977
751
813
915
-454
535
-479
965
683
644
-885
710
129
-852
-7
-670
-685
428
109
-636
-749
-463
-97
-483
27
443
80
-340
-434
997
24
-850
34
345
479
-639
-463
-658
-263
547
632
738
-525
-918
923
-123
-858
661
43
491
307
886
-274
-592
-77
-222
869
-176
76
767
293
-508
-474
744
-23
-409
-604
873
109
-356
659
484
-552
-910
-828
-685
-409
62
-507
-741
660
372
100
-888
-276
53
-657
-509
-100
672
-801
-281
661
406
-867
725
581
-54
-872
107
754
585
-126
-49
919
-963
-41
44
101
-971
-137
-207
886
-26
-531
362
954
-327
674
-37
-818
753
-303
-706
-160
509
-574
-218
16
-437
-860
513
704
-90
-821
635
7
176
-891
-807
-102
296
-374
587
-715
-388
363
-62
840
-221
-129
888
90
-752
-270
-372
504
808
24
863
32
531
-778
-467
944
768
-498
824
123
-108
859
631
-719
-770
717
839
-67
652
715
409
592
-196
-216
-909
-310
960
-548
-862
-859
600
-944
558
505
294
-161
-168
778
-665
45
-152
-750
-155
485
-457
154
-836
-45
909
-682
587
-970
-554
391
497
-149
-184
-274
-740
223
-833
967
213
69
-931
898
-939
-858
459
932
554
960
193
468
275
498
-403
407
219
321
-708
-420
-991
-603
-825
-652
-753
-247
54
-968
214
88
645
84
-854
905
550
551
331
826
-327
-498
984
220
-172
-9
-242
-377
-422
-474
327
-418
680
-786
-435
682
-669
701
-918
-735
-570
-513
341
191
-846
-627
-784
-264
-401
999
552
791
-451
106
-186
358
-190
-508
231
419
-755
-448
518
-84
-43
110
-63
-623
-56
368
-645
284
-447
818
245
-27
25
608
786
-72
-175
875
317
-847
149
-755
-196
-77
151
350
-446
756
366
-677
751
622
90
159
795
481
256
-16
-8
-340
-454
724
-141
-198
-29
358
-641
571
854
-735
580
-889
-996
299
-823
-297
-553
562
804
-428
369
533
-393
-935
-491
-791
52
554
998
544
282
-471
415
831
-710
820
-509
-488
-14
-976
-259
-751
-116
-253
298
-277
-93
-886
-576
-559
-536
-28
-879
-367
517
-483
-616
979
781
246
468
185
19
144
557
-909
-6
-161
-125
97
310
739
745
-223
-801
-604
975
334
401
-440
90
438
989
513
645
612
584
-763
558
-639
-235
-972
-715
-785
-299
-285
-647
-378
32
-432
983
629
-560
417
376
-382
266
-91
191
202
616
-123
-32
985
110
-883
-903
247
-509
-331
-430
647
-99
-841
587
-264
279
-947
446
-688
969
-51
-531
173
111
305
379
170
569
-162
511
-92
507
-626
172
561
277
80
116
-42
63
795
275
-406
259
102
-670
-165
698
721
372
70
180
-473
187
-594
672
996
-956
9
-623
348
-693
-812
897
154
-715
-171
-23
-408
-539
712
434
513
353
-928
705
-454
-937
-666
-600
64
41
550
515
654
-807
-768
790
745
-369
-490
323
422
-304
527
-586
398
229
-852
-611
-743
-576
0
423
837
-445
374
431
644
-680
318
733
-442
-800
-786
-352
102
-495
971
-996
63
619
-371
121
15
-214
755
56
-934
-642
181
-621
-453
708
-182
-846
-674
674
709
-812
648
855
-817
-42
343
-293
526
-148
757
-647
415
865
-264
-728
-46
652
-936
308
-229
-639
579
742
411
426
-505
776
-666
974
-136
-606
555
930
-419
146
880
-74
875
673
760
319
-915
357
890
-452
68
173
-352
41
-246
-821
157
-584
544
750
898
871
758
469
-175
-773
-365
771
-621
-787
604
-109
-712
454
590
-83
-98
596
-509
-821
-317
911
-770
-384
-542
23
869
95
-230
-340
-550
-162
-1
427
424
24
277
835
-102
-700
300
-93
-210
-436
-195
553
-611
-308
-715
-149
-346
-621
889
986
630
863
-395
-976
308
911
-308
-154
-917
-70
-762
-228
396
23
669
-310
-311
-692
-229
-891
-217
-464
-352
-937
-897
-696
286
236
-963
-873
-528
-542
213
-599
916
-965
753
46
-150
-850
378
384
379
-484
936
-369
501
172
-367
-395
403
-704
786
-175
80
595
-859
-779
-887
-466
569
218
72
64
-606
702
-230
305
-117
-606
158
-361
431
-534
433
356
187
-981
249
-865
-212
-587
-702
-679
766
-361
-575
922
-88
-488
-754
499
522
-717
954
910
790
670
259
-149
999
550
-392
487
-561
334
262
-468
531
-258
689
683
-716
-642
994
456
515
-984
92
734
347
451
-235
614
281
-712
778
-638
-745
-458
600
-526
943
0
742
-330
-82
-243
122
67
-905
782
226
876
939
800
144
-898
858
389
-947
-202
-872
-122
-639
-385
-352
445
327
-836
211
818
-710
72
-431
-560
-867
398
61
-766
420
921
34
-131
945
-5
927
-359
-373
-134
942
-98
-817
-190
-388
-133
-463
61
-78
-738
-760
-134
-631
850
-161
-856
10
559
-371
755
-346
776
817
590
-32
847
-616
-750
-942
-948
901
437
-633
543
234
361
-129
-424
124
-939
244
-248
-708
-695
-405
614
-636
-143
-893
418
-779
-52
584
-591
-444
-392
-865
532
-262
-619
219
-17
781
-864
-768
-131
260
914
624
718
-188
716
-485
-897
-354
-736
670
-406
-604
-71
624
-711
-581
-489
-611
502
-452
-896
258
-579
-670
96
248
-643
511
907
674
125
269
373
-83
-220
-735
822
649
321
813
-257
124
0
9
-986
-146
692
-56
-375
360
-34
-305
-956
-453
-199
-108
291
-905
657
-129
-371
-300
-892
-734
295
127
-192
-902
261
-860
-727
-769
-517
-435
362
-901
-757
857
644
-523
-956
814
76
380
807
-24
-879
587
-943
44
-88
-573
-136
712
-227
426
-571
-693
624
516
-336
-734
512
-865
473
-781
-453
-729
178
659
-353
782
-32
-189
613
635
-312
-220
330
465
-851
-104
757
-820
576
549
-516
535
514
674
796
-208
15
-53
-846
394
-29
280
-842
160
-740
-44
-188
302
-715
763
-117
868
346
-114
201
720
970
-756
-815
629
840
-793
236
-768
-747
-521
-661
-145
-194
-467
479
492
249
-304
-606
45
598
-200
855
236
-685
68
-852
-603
-430
612
-544
-815
580
-215
-732
321
-739
77
-518
787
157
-292
13
-68
183
317
728
685
320
29
-292
632
-307
558
-4
-365
-751
797
-69
-774
835
-569
-635
-923
345
-533
-724
235
-401
695
-592
-330
-984
75
882
148
-628
439
-139
624
-115
-597
563
422
975
-567
-517
-625
430
622
-61
16
-296
547
356
-579
740
-941
883
923
-269
-708
-107
595
860
-965
242
236
-820
503
275
-38
-145
3
-791
-371
-79
763
-159
-162
-457
-495
-572
186
218
-288
-479
71
139
615
-473
26
-684
-309
695
-662
-599
946
-959
575
556
770
-397
-391
-475
754
91
-422
-387
140
484
414
-984
309
-412
994
-702
-545
88
255
-620
-663
-370
522
325
104
-558
65
823
811
334
-50
-531
-550
267
822
824
466
843
-613
-507
267
-844
-78
-788
860
372
307
652
-666
-837
849
855
-65
22
-884
-332
85
277
942
333
-859
-592
-294
510
-941
97
944
-210
-724
-595
739
150
-576
-76
819
940
-52
-553
725
-288
495
-330
453
-929
-10
-979
636
-276
-462
430
769
527
504
-335
428
-679
373
-495
414
-783
-300
939
145
-926
-421
464
-999
685
-235
698
300
682
-885
447
254
959
-756
836
-324
85
471
724
48
308
241
-942
43
-886
-342
33
-724
-929
-349
-939
-5
-390
-333
-512
-710
998
-704
-605
-227
538
948
128
125
790
244
-113
200
350
894
-19
-183
684
-770
-713
-946
761
-247
114
-134
366
929
-356
927
-694
-825
-613
-165
-534
504
966
-142
528
460
-168
-596
-567
416
-537
658
-912
-379
-564
-705
505
323
375
280
200
255
911
887
-52
894
-339
-936
581
755
924
-133
38
-372
705
272
-291
-754
876
-718
-812
-799
-364
945
253
-733
409
-290
-85
-849
-387
90
-211
-962
-709
524
-231
193
-782
948
-426
-748
-897
481
-111
549
-19
-440
388
437
-993
-156
357
556
355
696
-128
-800
275
-474
977
642
70
38
-537
445
909
870
616
-113
-329
-195
-962
-999
248
735
-259
839
483
115
-383
-289
-438
133
678
368
929
262
562
751
-207
-694
595
-364
-476
-574
557
-119
-423
-878
978
-382
-557
-2
-485
-483
-720
119
181
-852
870
-285
215
-825
-953
969
988
-362
605
-777
125
646
-975
998
-613
928
-100
55
-506
354
-992
631
-205
-123
561
799
-418
-786
53
944
-237
-859
647
434
-331
-126
-366
539
-605
-283
967
26
-186
778
768
-18
419
925
243
-501
985
439
-525
-701
-569
692
-416
-161
-304
591
610
284
-602
822
533
-749
-591
-903
-587
-730
-767
259
-807
328
-978
178
-255
412
797
-20
685
229
-412
-367
536
434
803
-247
-951
-751
-731
-390
367
78
862
-21
-106
-528
129
-394
-626
-338
-970
122
-866
416
-728
-814
-32
517
231
575
315
389
-142
675
-139
-663
-910
-928
756
-794
528
-202
-722
509
416
451
279
-534
189
98
-270
-641
-422
-859
-97
-728
117
-631
-27
589
204
875
-905
-151
696
918
730
-591
-602
-640
-320
-505
-147
438
0
-805
478
68
-235
-484
-80
-687
-571
-923
40
284
861
-738
-244
-266
-482
-619
843
-381
-136
-565
-246
-669
626
983
336
574
-209
145
483
-613
241
-694
466
35
368
-411
-457
-721
-910
-190
-408
-279
287
-582
-678
222
45
-944
-673
-476
-351
-567
-28
858
258
954
632
966
623
144
940
-835
-994
167
-500
-999
432
840
-445
425
420
891
-72
-881
80
-140
42
-268
-210
908
-928
754
-417
898
84
464
-862
-116
476
976
50
-660
188
757
173
643
-163
481
313
398
-708
315
-188
-165
-443
-700
-13
814
-750
-163
-987
-6
-561
-949
-728
995
-538
-334
979
677
-944
892
-621
-39
-447
-825
-11
903
-507
122
-352
-10
588
173
932
506
721
-472
-502
844
784
11
-632
-976
-588
14
-127
-46
366
237
-319
41
-69
-611
518
-195
575
-648
-832
53
164
-395
65
694
-786
-741
-783
-174
-242
-837
364
-832
-665
631
450
584
160
-114
247
1000
-587
-993
-250
601
-497
-365
-160
-128
-716
-931
188
-631
438
215
-96
-309
28
-709
119
851
-410
-667
623
757
774
-175
-467
-541
-501
581
175
15
363
862
179
270
187
899
933
-162
737
16
685
832
-784
-671
606
-278
408
-413
341
-645
191
937
-583
554
-736
-637
-75
-146
22
-254
763
-30
-693
129
391
-448
213
187
-903
-356
567
708
-635
770
-520
-876
-871
449
951
-825
-449
-751
-154
456
578
-13
-908
990
-920
691
376
536
-133
-290
902
333
-462
-280
-712
-98
313
206
-809
-50
-49
-71
-794
774
-609
260
-642
-564
-446
206
634
-788
887
-739
470
570
265
-397
723
-918
-564
966
899
681
2
-824
12
245
101
507
-141
695
849
-361
-162
418
-566
148
164
999
-221
-76
-848
687
881
12
-69
-147
853
251
-649
-274
29
-384
865
-614
-456
794
-130
-523
-394
290
5
-170
-587
443
-260
-224
928
-379
-765
18
990
615
100
-359
-852
947
598
-872
182
-933
117
370
-958
-306
-209
280
964
-703
-240
317
-629
198
-370
333
-839
945
26
567
-225
-504
-176
770
985
-978
184
835
-70
73
290
-639
194
195
550
-371
760
-988
-487
-149
-722
204
746
904
100
-296
546
-900
563
302
818
979
-593
378
254
361
-94
597
58
-294
995
-840
423
554
-859
781
-951
897
-57
130
-970
157
416
267
274
-229
-468
274
-187
-350
-457
292
-133
524
-41
-829
-227
-980
-732
869
418
570
-369
-843
-972
-554
984
-592
-789
853
935
-357
-492
814
21
697
-698
226
-621
545
982
-810
-878
-198
495
-916
34
-403
-803
-493
461
-527
-19
615
-344
957
745
-213
195
-373
-304
944
-636
-683
-600
606
-170
538
281
-798
860
-403
861
525
868
22
-685
-455
786
-220
587
-435
-326
-539
-439
-926
445
-931
690
159
-945
-959
87
-436
195
472
255
-238
-266
303
-480
-143
-778
-822
-883
8
515
-206
985
-952
893
-505
-566
-48
-274
497
-976
-178
-702
78
714
150
584
742
-36
164
863
-804
258
-495
-744
322
-530
-801
-645
672
-460
601
467
-796
-548
703
622
892
806
743
588
-69
77
265
-635
-255
854
-918
-594
-424
-761
-173
748
115
-790
227
405
-613
904
559
261
-203
211
-357
-384
573
30
800
346
686
-378
104
-737
453
914
601
696
-454
-663
317
-531
-124
3
-666
50
217
-84
-572
-340
401
807
-354
669
905
357
-244
172
186
226
511
-911
205
295
-165
285
-779
430
922
940
-689
-76
924
-389
64
-912
191
802
-562
-101
289
809
-186
-862
-488
52
314
-5
291
525
310
576
-803
-936
-60
21
-305
-343
-154
315
-857
431
8
-279
878
-748
-40
835
288
818
532
-61
-354
358
-755
-963
-664
888
-129
965
-275
-747
265
176
570
-32
-858
-307
319
530
-402
106
729
637
23
-81
996
536
-485
472
-780
-715
-339
-958
345
693
708
388
163
163
-614
913
-48
-462
-665
530
-523
-469
-404
-318
986
-965
-789
-425
-818
525
994
51
450
990
184
92
-553
-160
83
858
213
-428
470
-715
-940
798
-957
443
-343
573
372
-551
904
782
-703
79
736
-530
-867
-41
653
-445
233
-116
-236
-640
-547
-118
686
-827
688
327
939
931
-359
-440
333
-964
-26
168
85
610
-677
819
673
801
-222
595
-469
-141
76
837
-873
884
381
929
995
579
135
-443
-617
-401
386
952
70
-654
-530
-521
58
639
-208
-628
-567
-508
-584
-961
-858
-942
-428
-613
-164
711
604
992
363
162
-732
-187
-138
320
239
-771
235
-728
413
-860
504
760
931
802
408
-676
-113
154
485
518
-619
-571
820
786
-361
-237
47
-875
-987
-192
-65
-313
41
860
362
666
808
341
570
-731
-542
-208
639
915
952
-50
51
-490
427
857
-729
794
769
-954
650
-524
140
-494
-37
-603
599
363
38
775
-158
194
-353
-841
-464
-947
818
798
-669
535
-156
-170
-931
979
-953
-513
-454
-188
647
-297
548
755
551
-312
-994
198
282
-831
-901
884
-195
-242
-551
-762
938
660
161
65
785
306
-198
-614
123
753
-318
-472
483
-230
144
385
614
-31
-753
-176
-363
822
-827
521
-348
157
511
-385
-535
-126
780
448
156
-267
295
-383
-391
-562
-312
-160
-688
-456
-82
-213
-501
181
-420
-143
-55
890
-508
-559
-754
-452
424
727
-731
-404
473
-68
121
-544
415
802
654
-50
-709
-659
473
-708
-853
-342
-274
855
-168
705
-774
-70
49
178
353
-715
95
-181
525
646
514
858
-855
737
496
-346
-203
179
-950
-27
802
769
-136
-432
-530
623
694
976
-958
-983
365
169
-514
344
-209
-361
-34
979
982
-804
807
89
51
23
634
884
130
-622
918
613
946
34
-729
-171
-497
950
306
-753
261
382
217
-633
-531
549
728
-97
618
98
-514
-689
550
-616
711
-188
-593
826
-511
843
398
-946
335
-823
-503
539
-456
380
833
47
996
-377
661
-628
-711
-614
-737
914
-620
78
-439
-9
-966
144
-157
-474
-251
-690
-651
-134
520
634
718
485
-437
492
342
-858
877
582
-767
647
-327
109
-327
-229
389
-90
-193
-340
251
546
21
-600
-86
-48
-356
975
197
290
690
374
-347
16
-475
-378
-917
-269
-544
-960
-670
-346
802
-879
-688
-553
648
412
257
558
793
363
-999
515
-540
995
139
570
-352
-387
539
-949
175
-826
31
105
619
-524
311
-545
578
-645
-242
-966
263
-468
831
109
-296
-134
-723
-541
970
-632
-908
-326
-269
-715
524
577
126
723
786
46
317
77
390
81
-300
553
-916
564
-892
-571
937
380
742
-90
251
283
258
-524
473
-344
-913
484
738
911
-655
876
-799
22
436
-179
-781
-695
-956
284
349
410
259
785
932
-293
923
-463
-513
-983
665
306
-308
-79
-76
-2
406
-532
-510
-913
213
-495
434
175
689
594
-123
-756
-753
270
987
266
-986
-523
597
778
356
196
811
570
793
-220
-488
-92
247
706
754
966
-90
591
-278
700
-587
-7
892
234
-552
913
746
274
428
650
-904
83
50
-422
-763
-761
-845
-653
828
-716
183
-647
-138
-974
-280
-54
725
-928
-533
394
154
-436
894
-117
-803
245
-993
-256
716
569
-127
117
-275
902
-774
980
-251
350
-462
586
529
632
410
-459
434
405
-754
-917
-388
801
439
319
-240
442
-631
199
-731
953
338
-499
316
164
-29
586
569
-732
778
-499
-392
-120
916
-81
249
-918
-284
-678
204
131
-323
837
-135
643
-480
691
-989
-536
-643
543
-113
727
-193
-597
-490
454
984
14
169
-993
-729
565
837
243
264
-68
740
368
-284
-187
508
380
247
396
876
-485
91
778
730
874
-22
-818
353
438
885
-618
-379
179
97
689
126
-244
-987
-760
156
-788
324
-330
762
-290
-333
571
673
-741
-26
-68
-304
69
289
248
223
-100
-960
-959
43
509
-229
369
923
150
-6
-22
267
-875
234
379
-970
-246
341
-145
-316
-767
-358
954
729
-984
393
315
-435
871
153
-550
211
-370
-809
591
86
604
507
-296
-653
481
-457
-565
-43
-847
677
-818
760
-926
-239
-326
746
-454
-240
-993
-383
27
-940
-719
458
821
-831
-238
-330
-756
556
403
67
458
99
-9
-635
722
592
-66
-300
282
763
756
-776
328
194
-467
-283
67
-638
648
907
-934
118
801
-162
345
272
-396
-804
392
534
221
293
698
55
-775
-583
-201
-947
896
-369
-978
139
527
-967
-973
848
-37
-633
62
-428
-678
297
-366
37
-335
269
-863
-10
-327
460
-527
63
947
8
-481
-947
826
-66
-970
-7
548
-222
-91
-85
-109
-7
-329
-95
695
-171
-555
-305
-758
-970
-231
108
-409
361
-356
761
967
-620
-155
-152
734
743
163
-771
950
86
615
783
912
-711
874
216
-140
-687
395
790
132
-817
-440
579
911
-953
303
27
-223
474
905
134
686
-684
-57
51
640
-49
310
-407
-580
-406
599
790
634
446
923
610
310
-97
31
-485
-404
93
202
-928
-326
-883
466
-288
-464
12
-674
-473
165
-654
466
-358
501
-375
315
-733
15
-177
-802
806
749
-528
-14
436
703
458
973
933
450
-22
129
210
110
887
576
-309
992
449
521
-720
447
22
-297
566
-17
-344
-134
-585
35
-149
221
-369
-471
-220
108
-152
380
355
-510
-83
-178
429
-682
-811
-781
-415
-357
-37
481
120
346
-478
-955
-912
-774
-432
792
183
737
587
-222
520
935
776
878
931
481
892
-77
99
-561
-999
888
745
-277
-218
651
664
560
509
-829
-177
-919
800
328
-328
-723
620
-370
832
878
983
994
531
-398
-633
-164
178
-547
103
15
-407
788
-640
135
-898
887
-413
71
474
742
-188
229
269
-968
528
345
538
-936
-232
-26
-218
575
-209
-872
836
525
757
779
431
679
615
-509
-554
997
-276
-39
-420
556
521
264
827
-859
-313
-571
965
586
947
-581
224
428
51
-622
181
-216
912
-855
430
-744
296
-304
-440
737
-602
306
-250
-165
94
-691
756
993
-23
552
-462
413
324
-315
510
-17
-299
796
-156
992
503
-979
-210
-804
-778
429
88
437
-55
474
-387
-884
423
-881
-70
-575
-865
691
381
377
803
972
-372
860
595
-171
-58
247
822
400
-850
324
953
-243
-888
431
-133
-448
-282
-173
345
-145
-898
233
393
907
-309
-435
-899
-598
-161
339
761
520
-429
428
-609
257
-447
310
619
896
-361
807
-837
820
526
265
200
194
645
-552
511
-884
73
42
-287
-590
-496
437
-620
451
-730
-401
-26
426
327
680
-986
-731
-164
-872
-33
-359
-868
517
-478
-181
378
85
974
400
305
690
-303
234
-964
419
-228
897
218
-769
463
724
-683
-355
-403
-444
949
-246
-591
436
293
649
-892
510
93
-279
895
-643
-276
-712
-772
199
940
198
-343
-941
-449
25
-932
-129
271
-690
-437
-349
-983
-351
496
45
-66
685
-421
301
620
131
573
-639
-247
997
439
9
848
811
679
218
-796
236
111
-445
351
-931
-222
892
448
470
316
-871
-88
-580
-261
272
843
-397
-456
-667
-955
-530
-913
-777
-60
-686
285
-65
211
556
964
901
-499
-831
351
-651
-735
-182
-632
743
-377
-686
528
834
599
720
659
-795
-795
803
250
798
-72
707
618
-824
187
-28
-328
200
39
-308
535
-500
64
-800
-480
-579
-162
-869
-580
-414
-744
676
-94
463
909
-357
-648
169
-677
360
124
304
-276
-979
248
-817
-975
-491
417
-543
-586
-69
228
833
-718
-680
-885
-509
-638
51
-915
588
398
150
185
889
532
399
469
-430
-559
554
-634
406
-51
-4
444
-615
-142
58
48
72
433
190
-483
-823
845
-192
-514
-391
593
-326
173
-291
-90
941
-171
-642
-680
541
679
763
709
-349
638
-703
-830
927
-385
826
-883
-354
-996
246
854
700
726
-498
-643
-713
-472
572
361
382
-238
355
-592
642
412
39
171
963
-936
312
47
-151
471
-686
-84
591
-862
-857
-654
224
915
751
587
943
-946
163
-45
-327
-513
-191
756
-852
-825
-641
660
352
940
-482
-458
616
-96
-753
722
884
304
963
-38
-513
712
399
-357
-982
-422
919
-122
408
-31
765
981
151
357
220
-347
-788
-581
249
-686
-426
-113
-932
-266
327
646
236
-261
-902
391
-98
-878
-921
832
-636
-461
-989
760
-2
480
849
232
154
-325
930
705
279
-406
-227
750
-845
988
551
639
-83
646
-977
-992
916
454
-367
-964
-320
-725
522
919
-532
-374
612
-19
405
194
-190
-637
-193
689
121
-696
-60
-547
-1
414
-130
183
-542
-432
-893
-153
822
-494
-542
-255
-381
184
684
-951
437
919
-243
-430
373
-128
-958
625
-410
-512
-332
21
-435
682
240
-797
-964
-259
-541
-342
561
-359
311
-741
-305
-936
776
905
-946
414
56
999
89
-242
-596
313
841
348
237
645
-956
840
-564
242
-287
528
106
-234
100
-732
-835
-666
808
597
382
799
245
510
-547
-262
-250
-514
-905
-168
-798
-741
-950
995
-366
-129
-733
964
81
882
965
-652
989
667
172
-661
64
-780
583
250
-831
44
15
327
-62
662
-553
772
-361
526
-222
252
957
-613
-894
445
86
793
-492
-368
259
440
-937
-624
-347
-294
802
-782
96
176
-12
737
116
58
52
704
173
-667
200
886
-76
-268
-122
938
483
376
569
440
-183
-397
689
-156
-238
22
-665
-865
854
948
560
-930
-43
-29
311
294
-459
693
116
-744
-747
168
-10
-504
702
236
-821
-456
17
205
-249
403
-172
-844
729
809
930
182
170
388
-395
-761
-658
-367
613
880
-144
-391
-919
668
143
-330
87
-461
-121
465
133
-18
364
-373
-53
-448
-129
277
-534
-251
397
-344
307
894
173
-975
929
562
-708
-779
817
189
-564
-706
-919
-146
-65
-574
-702
227
219
108
298
-740
-98
710
-217
114
-197
693
-48
-203
-294
-825
11
974
621
-131
-730
-639
-315
-327
-539
-733
943
856
595
201
-82
313
-128
939
860
307
-193
-596
517
-992
969
732
585
302
-726
391
-269
129
-706
709
-709
-241
397
-287
522
660
-576
-112
146
-414
-299
790
863
442
388
885
822
848
-912
-434
-670
-974
-579
-281
-204
-175
553
441
-986
-12
372
693
-272
690
545
-978
840
392
316
-828
-462
-792
-60
-367
225
-636
280
-416
-598
297
-773
-980
-197
-730
-262
-322
462
791
137
60
577
494
999
262
930
-107
-947
-520
-987
-2
793
-314
141
930
-977
-938
-585
912
-658
662
882
223
512
-493
684
459
887
663
-503
-419
448
-874
20
-257
249
-163
-368
170
-357
656
-890
-910
652
-283
-129
332
-758
299
-927
-491
-794
579
676
-4
7
794
719
-415
-153
-894
-322
-878
-560
-351
857
429
469
-35
250
353
-507
-913
-88
-233
568
638
996
-140
-190
980
-902
831
-433
-511
881
654
-719
-915
991
-712
106
-187
295
258
-414
-29
412
-151
-669
-752
206
556
-737
980
-7
540
-811
-242
-100
52
680
590
369
-720
177
-489
-653
855
695
681
-906
189
-11
-635
991
81
-750
907
447
-371
-581
-105
417
646
-622
208
-186
248
-864
357
-690
-613
406
941
-577
219
215
844
897
872
-843
-649
-467
27
117
92
374
154
-218
256
-997
-562
480
855
-98
-355
199
-443
-161
-784
-92
443
-365
435
822
-538
184
-583
457
-490
-436
-437
981
672
571
-462
735
735
356
-894
-917
-306
-116
508
794
-649
-962
606
-803
201
-666
-437
-693
382
-423
375
518
551
389
-261
-170
84
-446
115
-946
-500
-171
456
-595
794
-943
-170
647
864
-134
-781
-67
-585
-868
840
-984
93
-226
-498
45
-244
-112
-456
907
-392
675
717
990
-270
5
-151
-821
-261
905
-845
-78
864
-304
603
931
545
-85
-271
-501
-814
-356
-827
-843
923
627
-665
-873
-791
-41
243
-269
931
-912
802
-602
-329
250
-891
268
-12
788
-962
761
383
332
-66
716
-667
920
-899
-83
-680
469
124
-934
-271
380
801
-335
375
-567
813
-340
-348
-676
27
-868
-998
-716
-653
556
384
-629
921
190
629
-287
51
-746
-373
-900
-445
352
976
236
-167
-222
-448
40
-346
351
379
123
383
271
-991
705
-609
827
-333
-833
882
648
199
-233
-131
-961
-12
995
624
889
-385
-931
145
489
-195
-41
-426
991
-299
140
919
611
-908
-96
412
-807
-72
-13
-713
41
703
-54
173
-223
456
787
-618
-743
-912
-967
-175
-286
-273
227
862
337
-556
-111
-792
-140
-995
951
998
307
-74
697
475
-366
561
948
-745
-590
-245
-323
-932
112
954
803
562
622
695
-113
40
-518
399
897
-291
435
704
365
-397
-184
-508
-811
-702
999
121
572
863
-448
-226
56
-437
860
809
-9
-727
-88
159
225
355
303
877
-30
-49
-399
-226
-966
-427
686
-8
111
947
-353
-375
759
18
840
-655
588
-752
-563
-592
947
-709
462
-694
732
745
-350
380
-451
830
303
545
107
-497
954
696
-237
-27
355
-823
-27
857
-870
951
785
587
463
-534
767
354
-437
99
-64
616
-880
-259
994
360
-630
88
238
-178
-578
190
46
756
-633
-965
905
66
648
-758
643
-789
-114
-832
-716
678
115
183
-858
-640
-890
993
958
750
431
-316
-577
-713
711
247
325
-482
116
826
-797
868
-694
114
949
-510
-299
500
183
454
5
-413
-903
-692
-545
69
913
-263
-309
444
-960
-209
108
-329
-44
-785
-57
-130
-943
523
-859
-690
607
451
632
-180
290
567
248
382
45
511
-764
914
-719
281
-957
-1000
315
-151
861
-246
818
-958
57
600
521
-848
-64
-727
-859
-975
-841
779
-747
398
954
128
767
-207
154
-108
-556
-523
-712
867
-806
-602
-460
605
-195
800
636
-117
251
-474
109
-968
451
-777
627
192
462
576
-65
430
973
-593
497
457
979
-460
403
860
-140
-751
-654
-416
542
-463
-273
801
786
-458
-143
-386
329
442
477
398
-155
-934
-457
-803
134
929
-178
-521
88
-353
-370
622
419
-659
-901
460
798
957
996
-832
615
201
509
288
933
962
-585
987
-194
-356
502
-473
-594
-231
-331
-509
66
817
-112
-306
553
-875
-597
364
-168
166
-960
155
461
-515
565
-207
-429
-870
-208
-216
770
745
598
-252
-952
963
-89
835
-661
-754
720
-627
-285
422
475
367
303
142
63
293
-89
0
-481
408
-123
-693
914
-397
-390
-514
488
129
955
-984
-343
17
-936
106
-562
-812
-227
-730
35
953
74
-309
120
341
-645
-46
-788
921
-798
548
-61
724
473
222
-518
-72
-129
874
-497
944
-891
973
-15
-381
-486
-163
-902
385
-407
94
-788
22
657
-963
-695
-301
469
-199
512
-124
-136
396
-862
490
888
872
809
-34
-690
478
252
-770
792
-840
-92
-934
413
981
555
-105
-176
-747
738
955
980
-519
507
-1000
181
334
-787
-52
629
654
89
959
-801
-594
-694
758
974
459
311
142
-826
-543
-467
-73
601
-168
211
185
793
-95
-952
865
16
-91
-865
-945
-607
-924
-421
520
964
928
-276
-452
-483
-581
45
438
-832
740
-209
708
-823
201
-791
-927
-632
-570
933
998
-488
-579
784
-989
137
239
195
-996
-943
-705
-758
336
-4
1000
-595
463
-80
485
-351
350
-464
-822
51
317
130
-822
-58
855
-461
-412
-432
-104
456
280
-536
614
619
788
746
184
517
-216
121
396
-305
978
592
221
19
-130
-261
966
-958
-960
479
-949
-968
-719
248
-737
-220
-831
422
968
-631
954
110
-922
608
-218
979
-511
-385
218
264
54
168
419
430
622
14
-745
900
289
-913
-781
-950
518
-468
-282
-323
863
259
-448
453
372
610
-241
-545
-512
-323
-572
-200
905
-316
-415
-653
-251
47
-870
112
576
-968
473
830
652
568
-324
300
881
-697
42
-602
39
-804
962
21
546
925
-447
-547
-261
537
228
820
-567
-800
-562
863
-199
658
-658
485
-767
-507
-621
70
83
-472
-920
627
-183
673
113
830
752
146
927
-769
241
16
-289
397
-549
284
-656
-582
-200
61
-712
299
500
148
-553
189
-396
591
452
332
-873
578
148
811
311
216
987
-595
718
173
955
-5
594
412
616
-173
-364
792
822
-540
-898
-574
376
892
-660
472
-125
987
-748
-71
262
901
141
-634
206
852
-461
803
-179
-41
-998
-287
-304
296
467
388
-661
-573
56
892
-83
700
-650
-761
-964
654
376
940
230
182
-802
225
235
260
442
-313
-699
555
-236
306
-599
-60
-281
661
-736
-553
-87
474
-66
-398
812
175
-838
-704
-192
-921
297
-90
-819
758
-661
-312
-59
113
-658
-436
-580
-529
170
973
600
515
630
-225
382
465
-215
185
129
-346
-838
871
65
-400
213
983
-952
-53
-484
-754
592
-406
-912
241
799
-870
-147
809
738
-233
-472
-203
-369
-385
-290
-432
-488
57
562
-525
533
796
721
639
-374
297
-270
30
-54
311
-273
-853
-497
932
-993
-608
346
-520
520
482
640
117
271
-652
9
452
-612
-16
-865
-87
-387
272
782
61
-69
-648
156
419
-308
-320
375
879
525
-429
492
-150
440
-315
-636
892
-664
965
788
462
-770
-984
-824
625
134
800
-560
-623
-753
-962
-777
-981
-401
540
355
-463
-990
-620
881
-246
-426
856
737
-456
63
-337
973
-388
171
618
-256
-329
109
468
-458
-549
699
131
-266
10
186
582
851
593
402
528
-399
738
-112
-8
329
-446
-311
667
31
-948
584
-577
-445
-628
38
-642
253
604
-497
-347
-604
-398
542
-243
-44
625
-732
289
-354
595
236
-625
-141
716
-869
-297
9
680
-400
-200
646
861
847
-766
434
-858
-395
-791
-607
342
411
766
769
-850
-358
276
-156
780
-393
80
-444
612
-993
-876
-13
-937
-306
683
223
-235
366
919
892
-379
562
-586
531
210
436
993
431
-509
-707
959
-956
-690
77
866
-326
858
-311
-64
-521
14
-621
586
-83
829
12
-943
726
-648
711
-421
-309
99
502
-775
-310
-894
-992
-420
379
-460
633
-918
503
-823
-62
-46
785
-539
181
-671
-40
192
930
121
-7
-118
176
-819
520
-469
-425
168
269
661
331
-39
437
-574
515
780
-453
-55
-421
424
-627
-320
44
124
-899
-123
461
-455
-325
778
908
-391
707
73
627
-274
615
-944
509
-555
665
-432
-385
984
-637
-846
193
-461
-889
376
-374
-157
723
-586
527
-188
269
222
699
85
451
636
-517
-9
848
873
-262
-678
948
739
-892
-483
-822
-832
-761
659
428
70
-983
398
243
-714
-765
-281
722
507
-500
189
-976
430
484
665
-421
405
-234
-697
658
336
-274
404
310
-694
14
-119
104
339
733
753
-106
-346
-841
934
-429
-2
-227
191
-800
138
-454
-863
535
-644
241
-353
-896
-55
32
-521
414
-894
927
-468
509
819
-472
-247
438
211
144
-578
-733
781
-399
-286
44
218
-174
-310
683
-953
-725
304
-965
-766
580
793
529
-64
872
662
-31
-931
-362
530
-215
-995
447
966
265
866
553
-624
573
-590
-273
-406
-364
-680
-733
602
725
-662
-459
476
961
38
-732
372
-106
402
-329
-545
-881
-895
-291
-383
832
-280
-96
-123
67
-333
-480
301
-2
-333
43
786
-58
-137
572
-880
-889
-572
815
568
834
-484
-758
-674
-165
504
-789
379
-580
232
-40
255
48
59
572
-276
-739
17
269
938
-320
-56
-170
879
711
-810
903
767
-70
-142
-56
-493
-520
622
2
818
149
147
-607
-83
425
-19
-544
-235
-188
-300
731
488
-985
214
156
-865
-833
-413
754
793
-836
-977
474
-629
-868
954
125
888
330
255
-482
-400
680
285
586
719
536
243
660
779
-855
-199
753
-423
-478
-663
-786
981
378
-987
167
-988
340
724
736
-88
384
519
631
-265
-70
679
-439
-946
-144
915
-211
-187
-178
58
614
893
-182
878
-106
-101
760
65
-167
531
213
-471
-87
259
508
447
397
-555
-271
-105
-987
-180
407
639
606
-154
-757
293
348
791
-197
156
-110
973
412
992
826
40
-388
472
-744
615
-926
846
510
974
-588
57
-665
502
786
-732
-344
-319
-774
278
307
-253
-248
207
998
567
263
-877
563
765
-74
712
-301
229
694
-998
653
-2
910
-590
-550
-842
461
155
177
338
403
795
529
765
-213
-156
229
511
954
-268
-663
292
-676
-484
-315
-517
846
-371
482
125
-284
594
-921
208
472
215
30
-942
-243
193
-807
919
373
-581
753
806
-485
-766
635
-996
-387
-95
-553
120
-827
479
12
638
340
-48
508
166
621
396
949
262
-72
-15
-344
60
43
786
445
492
872
541
-554
623
-25
-673
-945
-588
765
-926
-379
-68
-784
647
-584
719
-193
76
811
526
739
-744
-872
494
414
-126
-584
-134
386
-253
-780
-463
239
-662
-448
-753
-37
-858
-3
333
652
409
-881
-842
-905
-391
19
340
-583
336
216
-344
-162
12
551
-786
-252
-90
167
-304
-619
-516
-738
-677
19
-307
316
995
-15
-962
204
-294
311
-239
-188
255
649
-857
-164
475
901
-21
967
244
-594
-374
820
-403
710
-100
727
626
-375
-7
710
-980
-289
767
183
501
-55
375
-673
-448
335
-87
-673
-786
537
143
-260
525
-369
539
-252
-159
735
-580
-753
42
583
105
-156
-164
391
552
667
870
-451
-458
426
515
997
769
-659
-360
-632
653
-994
-111
451
117
-30
-786
8
522
-463
-749
-405
-454
200
447
-515
-476
57
57
125
-889
332
720
748
755
956
-649
-602
265
-105
613
-608
226
50
166
-631
255
-92
-786
406
-883
-377
533
919
-325
360
-839
64
